TIMESTAMP,TRACK_ID,OBJECT_TYPE,X,Y,CITY_NAME
315972390.08782464,00000000-0000-0000-0000-000000000000,AV,186.89616681694042,2339.5302236502075,MIA
315972390.08782464,00000000-0000-0000-0000-000000048346,AGENT,172.75410325769852,2338.3120389369988,MIA
315972390.08782464,00000000-0000-0000-0000-000000050837,OTHERS,188.67959588333062,2342.790422785573,MIA
315972390.08782464,00000000-0000-0000-0000-000000051007,OTHERS,152.3026346382739,2330.0166156730647,MIA
315972390.08782464,00000000-0000-0000-0000-000000051024,OTHERS,215.6028116268509,2343.3558358927194,MIA
315972390.08782464,00000000-0000-0000-0000-000000051015,OTHERS,242.02280687116496,2305.4126034904,MIA
315972390.08782464,00000000-0000-0000-0000-000000051030,OTHERS,160.80992538121387,2334.8741088204397,MIA
315972390.08782464,00000000-0000-0000-0000-000000050989,OTHERS,144.80565636928222,2329.736213698775,MIA
315972390.08782464,00000000-0000-0000-0000-000000050964,OTHERS,219.663246184541,2337.280839533233,MIA
315972390.08782464,00000000-0000-0000-0000-000000050995,OTHERS,203.58787976118614,2336.6576313794885,MIA
315972390.08782464,00000000-0000-0000-0000-000000050994,OTHERS,154.16295325460288,2360.9314481714873,MIA
315972390.08782464,00000000-0000-0000-0000-000000050983,OTHERS,241.50158380159425,2300.8081103821164,MIA
315972390.08782464,00000000-0000-0000-0000-000000050966,OTHERS,157.34935424288142,2353.981294136477,MIA
315972390.08782464,00000000-0000-0000-0000-000000050946,OTHERS,154.0941453323369,2349.3797721811843,MIA
315972390.08782464,00000000-0000-0000-0000-000000050902,OTHERS,201.38292014585357,2340.432873241701,MIA
315972390.2216695,00000000-0000-0000-0000-000000000000,AV,186.2829432176617,2339.484806649852,MIA
315972390.2216695,00000000-0000-0000-0000-000000048346,AGENT,171.82633475216218,2338.134928720004,MIA
315972390.2216695,00000000-0000-0000-0000-000000050837,OTHERS,187.5244712706065,2342.745084378156,MIA
315972390.2216695,00000000-0000-0000-0000-000000051024,OTHERS,214.3400963125851,2343.259757442137,MIA
315972390.2216695,00000000-0000-0000-0000-000000051030,OTHERS,160.33613774939556,2334.716840603692,MIA
315972390.2216695,00000000-0000-0000-0000-000000050994,OTHERS,154.16729025922862,2361.152852630524,MIA
315972390.2216695,00000000-0000-0000-0000-000000051007,OTHERS,151.99653990620803,2329.9826115111678,MIA
315972390.2216695,00000000-0000-0000-0000-000000050989,OTHERS,144.76495399590655,2329.760378855546,MIA
315972390.2216695,00000000-0000-0000-0000-000000050964,OTHERS,221.4636040432121,2337.22675914469,MIA
315972390.2216695,00000000-0000-0000-0000-000000050995,OTHERS,205.58284577027024,2336.870819035845,MIA
315972390.2216695,00000000-0000-0000-0000-000000050966,OTHERS,157.4986646076284,2353.897291110498,MIA
315972390.2216695,00000000-0000-0000-0000-000000050946,OTHERS,154.07683532862092,2349.233798713676,MIA
315972390.2216695,00000000-0000-0000-0000-000000050902,OTHERS,199.93114196333585,2340.3555125182106,MIA
315972390.3523926,00000000-0000-0000-0000-000000000000,AV,185.63051051173352,2339.456381465246,MIA
315972390.3523926,00000000-0000-0000-0000-000000048346,AGENT,171.4189819795499,2338.083740067044,MIA
315972390.3523926,00000000-0000-0000-0000-000000050837,OTHERS,186.92502276679718,2342.707123471506,MIA
315972390.3523926,00000000-0000-0000-0000-000000051024,OTHERS,214.28883656802415,2343.329593438963,MIA
315972390.3523926,00000000-0000-0000-0000-000000050902,OTHERS,199.44889545685848,2340.309541987966,MIA
315972390.3523926,00000000-0000-0000-0000-000000051030,OTHERS,160.33613774939556,2334.716840603692,MIA
315972390.3523926,00000000-0000-0000-0000-000000050994,OTHERS,154.1090208942919,2361.2910514478394,MIA
315972390.3523926,00000000-0000-0000-0000-000000051007,OTHERS,151.78950912663578,2329.9261032807212,MIA
315972390.3523926,00000000-0000-0000-0000-000000050989,OTHERS,144.84309581073862,2329.814334311229,MIA
315972390.3523926,00000000-0000-0000-0000-000000050964,OTHERS,222.3355821048129,2337.4081553301817,MIA
315972390.3523926,00000000-0000-0000-0000-000000050995,OTHERS,206.66441835143655,2336.782282536736,MIA
315972390.3523926,00000000-0000-0000-0000-000000050966,OTHERS,157.43070785682158,2353.8849760376825,MIA
315972390.3523926,00000000-0000-0000-0000-000000050946,OTHERS,154.129276544797,2349.740022024613,MIA
315972390.46776086,00000000-0000-0000-0000-000000000000,AV,185.07349007747104,2339.434403322633,MIA
315972390.46776086,00000000-0000-0000-0000-000000048346,AGENT,170.9130247574506,2338.008032353459,MIA
315972390.46776086,00000000-0000-0000-0000-000000050837,OTHERS,186.34353094144728,2342.696779205522,MIA
315972390.46776086,00000000-0000-0000-0000-000000051024,OTHERS,212.97310668792937,2343.1692583218382,MIA
315972390.46776086,00000000-0000-0000-0000-000000051030,OTHERS,160.33613774939556,2334.716840603692,MIA
315972390.46776086,00000000-0000-0000-0000-000000051007,OTHERS,151.86041516277902,2330.000560610503,MIA
315972390.46776086,00000000-0000-0000-0000-000000050989,OTHERS,145.17473426449473,2329.9239530844216,MIA
315972390.46776086,00000000-0000-0000-0000-000000050964,OTHERS,223.4404396671051,2337.414863143314,MIA
315972390.46776086,00000000-0000-0000-0000-000000050995,OTHERS,207.88523822420944,2337.036602499946,MIA
315972390.46776086,00000000-0000-0000-0000-000000050994,OTHERS,154.19601726754468,2361.733210726354,MIA
315972390.46776086,00000000-0000-0000-0000-000000050966,OTHERS,157.44263247802763,2353.9468383857684,MIA
315972390.46776086,00000000-0000-0000-0000-000000050946,OTHERS,154.11579887647244,2349.6978571329237,MIA
315972390.46776086,00000000-0000-0000-0000-000000051035,OTHERS,302.1477628188427,2339.5666963967833,MIA
315972390.46776086,00000000-0000-0000-0000-000000050902,OTHERS,198.61742666073155,2340.2439077061913,MIA
315972390.5765038,00000000-0000-0000-0000-000000000000,AV,184.5646149208541,2339.4151426373637,MIA
315972390.5765038,00000000-0000-0000-0000-000000048346,AGENT,170.42614960250253,2337.9287776083884,MIA
315972390.5765038,00000000-0000-0000-0000-000000050837,OTHERS,185.7231714505621,2342.687825904364,MIA
315972390.5765038,00000000-0000-0000-0000-000000051024,OTHERS,212.10218291938514,2343.125100756129,MIA
315972390.5765038,00000000-0000-0000-0000-000000051007,OTHERS,152.03188826358434,2330.032861940957,MIA
315972390.5765038,00000000-0000-0000-0000-000000050989,OTHERS,144.68596846494827,2329.7709582993584,MIA
315972390.5765038,00000000-0000-0000-0000-000000050964,OTHERS,224.42565799849774,2337.545639300671,MIA
315972390.5765038,00000000-0000-0000-0000-000000050995,OTHERS,208.7707696954953,2336.928426726277,MIA
315972390.5765038,00000000-0000-0000-0000-000000050994,OTHERS,154.1701652046585,2361.8273264418563,MIA
315972390.5765038,00000000-0000-0000-0000-000000050966,OTHERS,157.46329433456953,2353.956188982072,MIA
315972390.5765038,00000000-0000-0000-0000-000000050946,OTHERS,154.25907952544472,2349.383968409928,MIA
315972390.5765038,00000000-0000-0000-0000-000000051035,OTHERS,302.1477628188427,2339.5666963967833,MIA
315972390.5765038,00000000-0000-0000-0000-000000050902,OTHERS,198.49979867469142,2340.314223749656,MIA
315972390.68457395,00000000-0000-0000-0000-000000000000,AV,184.05469720188458,2339.392792479552,MIA
315972390.68457395,00000000-0000-0000-0000-000000050837,OTHERS,185.1478992343647,2342.647893994864,MIA
315972390.68457395,00000000-0000-0000-0000-000000050902,OTHERS,197.740502075956,2340.262213128763,MIA
315972390.68457395,00000000-0000-0000-0000-000000050946,OTHERS,154.12296577918875,2349.1332707929105,MIA
315972390.68457395,00000000-0000-0000-0000-000000048346,AGENT,169.9930680848622,2337.8707887281757,MIA
315972390.68457395,00000000-0000-0000-0000-000000050966,OTHERS,157.47496720378362,2353.922103123933,MIA
315972390.68457395,00000000-0000-0000-0000-000000050964,OTHERS,225.59188970817763,2337.680762411321,MIA
315972390.68457395,00000000-0000-0000-0000-000000050989,OTHERS,144.62338728376002,2329.7270853822088,MIA
315972390.68457395,00000000-0000-0000-0000-000000050994,OTHERS,154.18495237929326,2361.916638416824,MIA
315972390.68457395,00000000-0000-0000-0000-000000051007,OTHERS,151.69077940523954,2329.9408945258433,MIA
315972390.68457395,00000000-0000-0000-0000-000000051035,OTHERS,302.1477628188427,2339.5666963967833,MIA
315972390.68457395,00000000-0000-0000-0000-000000051024,OTHERS,211.41605987417648,2343.111735638142,MIA
315972390.68457395,00000000-0000-0000-0000-000000050995,OTHERS,209.72020005291327,2336.973042020791,MIA
315972390.7982449,00000000-0000-0000-0000-000000000000,AV,183.54649265412326,2339.370111893283,MIA
315972390.7982449,00000000-0000-0000-0000-000000050837,OTHERS,184.56157579698692,2342.6131886257267,MIA
315972390.7982449,00000000-0000-0000-0000-000000050902,OTHERS,197.08819701683743,2340.18006341158,MIA
315972390.7982449,00000000-0000-0000-0000-000000050946,OTHERS,154.22592730818997,2349.8009322952507,MIA
315972390.7982449,00000000-0000-0000-0000-000000048346,AGENT,169.56118872454292,2337.790245637348,MIA
315972390.7982449,00000000-0000-0000-0000-000000050966,OTHERS,157.4818331998302,2353.898242669821,MIA
315972390.7982449,00000000-0000-0000-0000-000000050964,OTHERS,226.6301833628648,2337.802280870376,MIA
315972390.7982449,00000000-0000-0000-0000-000000050989,OTHERS,144.67606349760916,2329.7620366197725,MIA
315972390.7982449,00000000-0000-0000-0000-000000050994,OTHERS,154.201735079715,2359.8578044152764,MIA
315972390.7982449,00000000-0000-0000-0000-000000050995,OTHERS,210.5271113747152,2337.0593048867872,MIA
315972390.7982449,00000000-0000-0000-0000-000000051035,OTHERS,302.1477628188427,2339.5666963967833,MIA
315972390.7982449,00000000-0000-0000-0000-000000051024,OTHERS,210.8653132675477,2343.0791444403785,MIA
315972390.7982449,00000000-0000-0000-0000-000000051007,OTHERS,152.06452537638296,2329.9838106467155,MIA
315972390.9114872,00000000-0000-0000-0000-000000000000,AV,182.98974705771408,2339.3457825827763,MIA
315972390.9114872,00000000-0000-0000-0000-000000050837,OTHERS,183.40890918031346,2342.583370437362,MIA
315972390.9114872,00000000-0000-0000-0000-000000050902,OTHERS,196.05573153216343,2340.0977646210395,MIA
315972390.9114872,00000000-0000-0000-0000-000000050946,OTHERS,154.01234041628294,2349.550754613124,MIA
315972390.9114872,00000000-0000-0000-0000-000000048346,AGENT,168.69866304768027,2337.585740252196,MIA
315972390.9114872,00000000-0000-0000-0000-000000050966,OTHERS,157.41182743300863,2353.966407249001,MIA
315972390.9114872,00000000-0000-0000-0000-000000050964,OTHERS,228.6022443826284,2337.9814102488667,MIA
315972390.9114872,00000000-0000-0000-0000-000000050989,OTHERS,145.01783913638695,2329.9099855629197,MIA
315972390.9114872,00000000-0000-0000-0000-000000050994,OTHERS,153.78566034467482,2360.404578319461,MIA
315972390.9114872,00000000-0000-0000-0000-000000050995,OTHERS,212.67607458939082,2337.170167792948,MIA
315972390.9114872,00000000-0000-0000-0000-000000051024,OTHERS,210.07381434919893,2343.1250206585332,MIA
315972390.9114872,00000000-0000-0000-0000-000000051007,OTHERS,151.6847765695451,2329.9696087826724,MIA
315972391.022438,00000000-0000-0000-0000-000000000000,AV,182.47714031474945,2339.325648898176,MIA
315972391.022438,00000000-0000-0000-0000-000000050837,OTHERS,182.81207145499204,2342.4951625790586,MIA
315972391.022438,00000000-0000-0000-0000-000000050902,OTHERS,195.23366375360612,2340.136135041757,MIA
315972391.022438,00000000-0000-0000-0000-000000050946,OTHERS,154.10069351266185,2349.531784063693,MIA
315972391.022438,00000000-0000-0000-0000-000000050964,OTHERS,229.78434650694663,2338.032868467208,MIA
315972391.022438,00000000-0000-0000-0000-000000050989,OTHERS,144.74454234142382,2329.716866148817,MIA
315972391.022438,00000000-0000-0000-0000-000000050994,OTHERS,153.8396751454895,2360.5674611892323,MIA
315972391.022438,00000000-0000-0000-0000-000000050995,OTHERS,214.116497038246,2337.367779265287,MIA
315972391.022438,00000000-0000-0000-0000-000000048346,AGENT,168.21284046750972,2337.467755385131,MIA
315972391.022438,00000000-0000-0000-0000-000000050966,OTHERS,157.49906547624582,2353.9926823644914,MIA
315972391.022438,00000000-0000-0000-0000-000000051024,OTHERS,209.4147977279959,2343.0824183375944,MIA
315972391.022438,00000000-0000-0000-0000-000000051007,OTHERS,151.7210320447687,2329.929259880625,MIA
315972391.1338436,00000000-0000-0000-0000-000000000000,AV,181.92116576240196,2339.3056662405093,MIA
315972391.1338436,00000000-0000-0000-0000-000000050837,OTHERS,182.2681637903476,2342.5076130820316,MIA
315972391.1338436,00000000-0000-0000-0000-000000050902,OTHERS,194.23397375686454,2340.0131843482955,MIA
315972391.1338436,00000000-0000-0000-0000-000000050946,OTHERS,153.97380078839208,2349.320634027047,MIA
315972391.1338436,00000000-0000-0000-0000-000000050964,OTHERS,230.73173512075581,2338.250256775959,MIA
315972391.1338436,00000000-0000-0000-0000-000000050989,OTHERS,145.2072609688529,2329.8880293230354,MIA
315972391.1338436,00000000-0000-0000-0000-000000050994,OTHERS,153.84066893719333,2360.693371238887,MIA
315972391.1338436,00000000-0000-0000-0000-000000048346,AGENT,167.78976056460556,2337.426238192263,MIA
315972391.1338436,00000000-0000-0000-0000-000000050966,OTHERS,157.45452110356166,2353.9291278152273,MIA
315972391.1338436,00000000-0000-0000-0000-000000050995,OTHERS,214.85844840571224,2337.434857105846,MIA
315972391.1338436,00000000-0000-0000-0000-000000051024,OTHERS,208.54233940168564,2343.0970336550504,MIA
315972391.1338436,00000000-0000-0000-0000-000000051007,OTHERS,151.9830219409751,2329.999535767305,MIA
315972391.1338436,00000000-0000-0000-0000-000000051029,OTHERS,156.85117289570738,2364.9109933382338,MIA
315972391.2426866,00000000-0000-0000-0000-000000000000,AV,181.41297051734023,2339.285849674885,MIA
315972391.2426866,00000000-0000-0000-0000-000000050837,OTHERS,181.74410134454246,2342.4968894765548,MIA
315972391.2426866,00000000-0000-0000-0000-000000050902,OTHERS,193.60948932421863,2340.01251911201,MIA
315972391.2426866,00000000-0000-0000-0000-000000050946,OTHERS,153.93319014927891,2349.8656197533883,MIA
315972391.2426866,00000000-0000-0000-0000-000000050964,OTHERS,230.73173512075581,2338.250256775959,MIA
315972391.2426866,00000000-0000-0000-0000-000000050989,OTHERS,144.8197152621291,2329.6930705814552,MIA
315972391.2426866,00000000-0000-0000-0000-000000050994,OTHERS,153.90607393486724,2360.819295328752,MIA
315972391.2426866,00000000-0000-0000-0000-000000048346,AGENT,167.329717966784,2337.366140247356,MIA
315972391.2426866,00000000-0000-0000-0000-000000050966,OTHERS,157.3666240189937,2354.045004033865,MIA
315972391.2426866,00000000-0000-0000-0000-000000050995,OTHERS,216.0163219774968,2337.456976206098,MIA
315972391.2426866,00000000-0000-0000-0000-000000051024,OTHERS,208.75150574182857,2343.08228887462,MIA
315972391.2426866,00000000-0000-0000-0000-000000051007,OTHERS,151.98229726836018,2330.022055981698,MIA
315972391.2426866,00000000-0000-0000-0000-000000051029,OTHERS,156.924892859507,2364.8132801920897,MIA
315972391.35188377,00000000-0000-0000-0000-000000000000,AV,180.90472580271668,2339.2642624747987,MIA
315972391.35188377,00000000-0000-0000-0000-000000050837,OTHERS,181.0502991567189,2342.426687725099,MIA
315972391.35188377,00000000-0000-0000-0000-000000050902,OTHERS,193.301899374613,2340.042349785933,MIA
315972391.35188377,00000000-0000-0000-0000-000000050946,OTHERS,153.97646933622542,2349.643298397023,MIA
315972391.35188377,00000000-0000-0000-0000-000000050964,OTHERS,230.73173512075581,2338.250256775959,MIA
315972391.35188377,00000000-0000-0000-0000-000000050989,OTHERS,144.7824176721128,2329.755531166943,MIA
315972391.35188377,00000000-0000-0000-0000-000000050994,OTHERS,153.83688921647416,2360.7869683747585,MIA
315972391.35188377,00000000-0000-0000-0000-000000050995,OTHERS,216.9423253095483,2337.590519570945,MIA
315972391.35188377,00000000-0000-0000-0000-000000048346,AGENT,166.9237316463784,2337.252412310012,MIA
315972391.35188377,00000000-0000-0000-0000-000000050966,OTHERS,157.3277626651125,2353.983456218137,MIA
315972391.35188377,00000000-0000-0000-0000-000000051024,OTHERS,207.40864526287294,2342.9947665613795,MIA
315972391.35188377,00000000-0000-0000-0000-000000051007,OTHERS,152.03642931669648,2330.027772290301,MIA
315972391.35188377,00000000-0000-0000-0000-000000051029,OTHERS,156.88847622421088,2365.0276481167466,MIA
315972391.4584263,00000000-0000-0000-0000-000000000000,AV,180.39803214647668,2339.239910645424,MIA
315972391.4584263,00000000-0000-0000-0000-000000048346,AGENT,166.49206330722808,2337.140495643787,MIA
315972391.4584263,00000000-0000-0000-0000-000000051024,OTHERS,206.87874403831069,2343.0157965507487,MIA
315972391.4584263,00000000-0000-0000-0000-000000050966,OTHERS,157.27761113277532,2354.030655272239,MIA
315972391.4584263,00000000-0000-0000-0000-000000050995,OTHERS,218.0184250084708,2337.4566690821066,MIA
315972391.4584263,00000000-0000-0000-0000-000000050837,OTHERS,180.57970374121388,2342.415171747657,MIA
315972391.4584263,00000000-0000-0000-0000-000000051007,OTHERS,151.74933740655544,2330.0316348816445,MIA
315972391.4584263,00000000-0000-0000-0000-000000051029,OTHERS,157.01891761202802,2366.325917732211,MIA
315972391.4584263,00000000-0000-0000-0000-000000050994,OTHERS,153.95025080057752,2360.837068329377,MIA
315972391.4584263,00000000-0000-0000-0000-000000050989,OTHERS,144.80232190463087,2329.707009560422,MIA
315972391.4584263,00000000-0000-0000-0000-000000050964,OTHERS,230.73173512075581,2338.250256775959,MIA
315972391.4584263,00000000-0000-0000-0000-000000050946,OTHERS,153.91111429389787,2349.9605972237914,MIA
315972391.4584263,00000000-0000-0000-0000-000000050902,OTHERS,192.91233925652188,2339.9990527244017,MIA
315972391.56298614,00000000-0000-0000-0000-000000000000,AV,179.89368563277492,2339.217333113108,MIA
315972391.56298614,00000000-0000-0000-0000-000000050902,OTHERS,192.40786199898739,2339.9604962549993,MIA
315972391.56298614,00000000-0000-0000-0000-000000050946,OTHERS,153.9165486057394,2349.984008076479,MIA
315972391.56298614,00000000-0000-0000-0000-000000050989,OTHERS,144.89800040556415,2329.703113907943,MIA
315972391.56298614,00000000-0000-0000-0000-000000050994,OTHERS,153.88545469961596,2361.30032405657,MIA
315972391.56298614,00000000-0000-0000-0000-000000051029,OTHERS,156.88744698162975,2366.472547567062,MIA
315972391.56298614,00000000-0000-0000-0000-000000051007,OTHERS,151.85557041019726,2329.971733780661,MIA
315972391.56298614,00000000-0000-0000-0000-000000050837,OTHERS,180.00601504790922,2342.379503494945,MIA
315972391.56298614,00000000-0000-0000-0000-000000050995,OTHERS,219.2435800459881,2337.5070160035866,MIA
315972391.56298614,00000000-0000-0000-0000-000000048346,AGENT,166.08366308833382,2337.1123201068845,MIA
315972391.56298614,00000000-0000-0000-0000-000000050966,OTHERS,157.3579118084195,2353.8881749517777,MIA
315972391.56298614,00000000-0000-0000-0000-000000051040,OTHERS,241.09992784761675,2300.271040334661,MIA
315972391.56298614,00000000-0000-0000-0000-000000051024,OTHERS,206.14965640207143,2343.0329841937805,MIA
315972391.6676581,00000000-0000-0000-0000-000000000000,AV,179.39217624750148,2339.194660441117,MIA
315972391.6676581,00000000-0000-0000-0000-000000048346,AGENT,165.69458921229185,2337.0078090981533,MIA
315972391.6676581,00000000-0000-0000-0000-000000051040,OTHERS,241.09992784761675,2300.271040334661,MIA
315972391.6676581,00000000-0000-0000-0000-000000051041,OTHERS,156.89466641573316,2361.103648638366,MIA
315972391.6676581,00000000-0000-0000-0000-000000050837,OTHERS,179.34419551059398,2342.3241566093634,MIA
315972391.6676581,00000000-0000-0000-0000-000000050994,OTHERS,153.98423548277202,2361.3023420465092,MIA
315972391.6676581,00000000-0000-0000-0000-000000050966,OTHERS,157.33733227269795,2353.974204243937,MIA
315972391.6676581,00000000-0000-0000-0000-000000050995,OTHERS,220.33736004890892,2337.880760066569,MIA
315972391.6676581,00000000-0000-0000-0000-000000051024,OTHERS,205.8170239425272,2343.060483537565,MIA
315972391.6676581,00000000-0000-0000-0000-000000051007,OTHERS,151.62065863498404,2330.03142677678,MIA
315972391.6676581,00000000-0000-0000-0000-000000051029,OTHERS,157.0685239703933,2366.8044354466915,MIA
315972391.6676581,00000000-0000-0000-0000-000000050989,OTHERS,144.89405549293508,2329.62890860981,MIA
315972391.6676581,00000000-0000-0000-0000-000000050946,OTHERS,153.906234442808,2350.076812318854,MIA
315972391.6676581,00000000-0000-0000-0000-000000050902,OTHERS,191.7838718613669,2339.955830276773,MIA
315972391.77636075,00000000-0000-0000-0000-000000000000,AV,178.89421301676205,2339.171606731405,MIA
315972391.77636075,00000000-0000-0000-0000-000000048346,AGENT,165.21455415760857,2336.9083109053026,MIA
315972391.77636075,00000000-0000-0000-0000-000000051040,OTHERS,241.04581348632985,2300.485260882782,MIA
315972391.77636075,00000000-0000-0000-0000-000000051041,OTHERS,156.79914943382093,2361.455434772984,MIA
315972391.77636075,00000000-0000-0000-0000-000000050837,OTHERS,178.74828870193855,2342.2935487739787,MIA
315972391.77636075,00000000-0000-0000-0000-000000050994,OTHERS,154.15713476389044,2361.512573564712,MIA
315972391.77636075,00000000-0000-0000-0000-000000050966,OTHERS,157.39676517675383,2353.952357662115,MIA
315972391.77636075,00000000-0000-0000-0000-000000050995,OTHERS,221.5701475324068,2337.7435629609813,MIA
315972391.77636075,00000000-0000-0000-0000-000000051024,OTHERS,205.6650477674437,2343.0642728581342,MIA
315972391.77636075,00000000-0000-0000-0000-000000051007,OTHERS,151.67350144623714,2330.0310497279042,MIA
315972391.77636075,00000000-0000-0000-0000-000000051029,OTHERS,156.9459135657945,2367.12276473448,MIA
315972391.77636075,00000000-0000-0000-0000-000000050989,OTHERS,144.75150449981578,2329.5626674632235,MIA
315972391.77636075,00000000-0000-0000-0000-000000050946,OTHERS,153.91174783170425,2349.993183117637,MIA
315972391.77636075,00000000-0000-0000-0000-000000050902,OTHERS,190.97622286011142,2339.9675639055176,MIA
315972391.8811931,00000000-0000-0000-0000-000000000000,AV,178.4029195746357,2339.146649130204,MIA
315972391.8811931,00000000-0000-0000-0000-000000048346,AGENT,164.74989090051926,2336.782807182417,MIA
315972391.8811931,00000000-0000-0000-0000-000000050837,OTHERS,178.17173044467796,2342.2594026327433,MIA
315972391.8811931,00000000-0000-0000-0000-000000050902,OTHERS,190.3054121747327,2339.9332360277444,MIA
315972391.8811931,00000000-0000-0000-0000-000000051040,OTHERS,241.04581348632985,2300.485260882782,MIA
315972391.8811931,00000000-0000-0000-0000-000000051041,OTHERS,154.15890041660722,2361.782089567784,MIA
315972391.8811931,00000000-0000-0000-0000-000000050994,OTHERS,154.00868239411741,2360.0139528672144,MIA
315972391.8811931,00000000-0000-0000-0000-000000050995,OTHERS,222.71214569921452,2337.797742228475,MIA
315972391.8811931,00000000-0000-0000-0000-000000050966,OTHERS,157.41898974903773,2353.9142567926087,MIA
315972391.8811931,00000000-0000-0000-0000-000000051024,OTHERS,205.25989224089332,2343.041648196315,MIA
315972391.8811931,00000000-0000-0000-0000-000000051007,OTHERS,151.6814496129949,2330.026241067119,MIA
315972391.8811931,00000000-0000-0000-0000-000000051042,OTHERS,156.92555273846546,2361.670948720641,MIA
315972391.8811931,00000000-0000-0000-0000-000000051029,OTHERS,156.98977875614472,2367.4993866818754,MIA
315972391.8811931,00000000-0000-0000-0000-000000050989,OTHERS,144.98415434262378,2329.535748724933,MIA
315972391.8811931,00000000-0000-0000-0000-000000050946,OTHERS,153.9166721344405,2350.1324925456047,MIA
315972391.98683465,00000000-0000-0000-0000-000000000000,AV,177.95495271671498,2339.1226857253546,MIA
315972391.98683465,00000000-0000-0000-0000-000000048346,AGENT,164.2996398485678,2336.686112580773,MIA
315972391.98683465,00000000-0000-0000-0000-000000050837,OTHERS,177.59846514885174,2342.2168205242833,MIA
315972391.98683465,00000000-0000-0000-0000-000000050902,OTHERS,189.7320843959856,2339.9412191250008,MIA
315972391.98683465,00000000-0000-0000-0000-000000050946,OTHERS,153.88360483981276,2350.094694301342,MIA
315972391.98683465,00000000-0000-0000-0000-000000051041,OTHERS,156.89719010639791,2361.7408768904997,MIA
315972391.98683465,00000000-0000-0000-0000-000000050995,OTHERS,222.71214569921452,2337.797742228475,MIA
315972391.98683465,00000000-0000-0000-0000-000000050994,OTHERS,154.1577575352455,2362.017817809078,MIA
315972391.98683465,00000000-0000-0000-0000-000000051040,OTHERS,241.25732781658547,2300.576156009244,MIA
315972391.98683465,00000000-0000-0000-0000-000000050966,OTHERS,157.4077960015235,2353.885709553057,MIA
315972391.98683465,00000000-0000-0000-0000-000000051024,OTHERS,204.2467271584261,2342.9636547523983,MIA
315972391.98683465,00000000-0000-0000-0000-000000051007,OTHERS,151.58473689062555,2330.053900595355,MIA
315972391.98683465,00000000-0000-0000-0000-000000051042,OTHERS,154.19875618916217,2359.92074969168,MIA
315972391.98683465,00000000-0000-0000-0000-000000051029,OTHERS,157.1020061438599,2367.812375569525,MIA
315972391.98683465,00000000-0000-0000-0000-000000050989,OTHERS,144.9972497131151,2329.4505918718146,MIA
315972392.0932764,00000000-0000-0000-0000-000000000000,AV,177.47469549350868,2339.094641126056,MIA
315972392.0932764,00000000-0000-0000-0000-000000048346,AGENT,163.99896445244983,2336.6510319593376,MIA
315972392.0932764,00000000-0000-0000-0000-000000050837,OTHERS,177.0269855329385,2342.188553908724,MIA
315972392.0932764,00000000-0000-0000-0000-000000050902,OTHERS,189.02622649822268,2339.905888863321,MIA
315972392.0932764,00000000-0000-0000-0000-000000050946,OTHERS,153.88662317324767,2350.036895563343,MIA
315972392.0932764,00000000-0000-0000-0000-000000050995,OTHERS,224.99335373304484,2338.201217711247,MIA
315972392.0932764,00000000-0000-0000-0000-000000051045,OTHERS,153.25139348124094,2377.352828403964,MIA
315972392.0932764,00000000-0000-0000-0000-000000050994,OTHERS,154.15746100547517,2360.185711004986,MIA
315972392.0932764,00000000-0000-0000-0000-000000050989,OTHERS,145.00315927152897,2329.409095384304,MIA
315972392.0932764,00000000-0000-0000-0000-000000051041,OTHERS,156.97232713582116,2362.444645286721,MIA
315972392.0932764,00000000-0000-0000-0000-000000051040,OTHERS,241.25732781658547,2300.576156009244,MIA
315972392.0932764,00000000-0000-0000-0000-000000051024,OTHERS,204.2467271584261,2342.9636547523983,MIA
315972392.0932764,00000000-0000-0000-0000-000000051007,OTHERS,151.74197120871833,2330.0225585691933,MIA
315972392.0932764,00000000-0000-0000-0000-000000051042,OTHERS,154.19875618916217,2359.92074969168,MIA
315972392.0932764,00000000-0000-0000-0000-000000051029,OTHERS,157.09330801306353,2368.166781032479,MIA
315972392.0932764,00000000-0000-0000-0000-000000050966,OTHERS,157.33252172908763,2353.9595236824593,MIA
315972392.20090204,00000000-0000-0000-0000-000000000000,AV,177.0003258739405,2339.0664481164995,MIA
315972392.20090204,00000000-0000-0000-0000-000000048346,AGENT,163.47169082700486,2336.507588508633,MIA
315972392.20090204,00000000-0000-0000-0000-000000050837,OTHERS,176.4555869748228,2342.1280928844462,MIA
315972392.20090204,00000000-0000-0000-0000-000000050902,OTHERS,188.72641216391474,2339.892644601169,MIA
315972392.20090204,00000000-0000-0000-0000-000000050946,OTHERS,153.88969074198616,2350.043545703769,MIA
315972392.20090204,00000000-0000-0000-0000-000000050995,OTHERS,226.16622534801056,2337.526942931393,MIA
315972392.20090204,00000000-0000-0000-0000-000000051045,OTHERS,153.21328862162716,2377.851868215062,MIA
315972392.20090204,00000000-0000-0000-0000-000000050994,OTHERS,153.89087044548876,2360.7275524987162,MIA
315972392.20090204,00000000-0000-0000-0000-000000050989,OTHERS,145.1010120373459,2329.346343587352,MIA
315972392.20090204,00000000-0000-0000-0000-000000051041,OTHERS,157.02026351161388,2362.6495998219957,MIA
315972392.20090204,00000000-0000-0000-0000-000000051040,OTHERS,241.25732781658547,2300.576156009244,MIA
315972392.20090204,00000000-0000-0000-0000-000000051024,OTHERS,202.9980301451124,2342.9158312496993,MIA
315972392.20090204,00000000-0000-0000-0000-000000051007,OTHERS,151.5406571395923,2329.994679977505,MIA
315972392.20090204,00000000-0000-0000-0000-000000051042,OTHERS,154.19875618916217,2359.92074969168,MIA
315972392.20090204,00000000-0000-0000-0000-000000051029,OTHERS,157.2614808336101,2368.5731551122312,MIA
315972392.20090204,00000000-0000-0000-0000-000000050966,OTHERS,157.42134304897067,2353.878401020404,MIA
315972392.31610966,00000000-0000-0000-0000-000000000000,AV,176.48402515229333,2339.0341071747835,MIA
315972392.31610966,00000000-0000-0000-0000-000000048346,AGENT,162.53783099095355,2336.330468986633,MIA
315972392.31610966,00000000-0000-0000-0000-000000051041,OTHERS,157.18528212823333,2363.413046441645,MIA
315972392.31610966,00000000-0000-0000-0000-000000051045,OTHERS,153.33480960859742,2378.150937358888,MIA
315972392.31610966,00000000-0000-0000-0000-000000050837,OTHERS,175.3691895679814,2342.080867804268,MIA
315972392.31610966,00000000-0000-0000-0000-000000050994,OTHERS,153.8761242210392,2361.179742690769,MIA
315972392.31610966,00000000-0000-0000-0000-000000050989,OTHERS,145.00716534259686,2329.347810855704,MIA
315972392.31610966,00000000-0000-0000-0000-000000051024,OTHERS,202.38814827541583,2342.907085690997,MIA
315972392.31610966,00000000-0000-0000-0000-000000051007,OTHERS,151.685490583147,2330.0093859929398,MIA
315972392.31610966,00000000-0000-0000-0000-000000051029,OTHERS,156.27688066878514,2368.869836091276,MIA
315972392.31610966,00000000-0000-0000-0000-000000050995,OTHERS,227.37315633595824,2338.3469616589546,MIA
315972392.31610966,00000000-0000-0000-0000-000000050966,OTHERS,157.33359719820243,2353.9801070706285,MIA
315972392.31610966,00000000-0000-0000-0000-000000050946,OTHERS,153.88923839705797,2350.113689218979,MIA
315972392.31610966,00000000-0000-0000-0000-000000050902,OTHERS,187.47465580523965,2339.841891397157,MIA
315972392.42100364,00000000-0000-0000-0000-000000000000,AV,176.02298047196936,2339.002617094813,MIA
315972392.42100364,00000000-0000-0000-0000-000000048346,AGENT,162.22927387921584,2336.241214490259,MIA
315972392.42100364,00000000-0000-0000-0000-000000051041,OTHERS,157.18528212823333,2363.413046441645,MIA
315972392.42100364,00000000-0000-0000-0000-000000051045,OTHERS,153.33480960859742,2378.150937358888,MIA
315972392.42100364,00000000-0000-0000-0000-000000050837,OTHERS,174.8171098334832,2342.0449874374835,MIA
315972392.42100364,00000000-0000-0000-0000-000000050994,OTHERS,154.06703370308475,2361.116523519683,MIA
315972392.42100364,00000000-0000-0000-0000-000000050989,OTHERS,144.9225269960919,2329.281588310162,MIA
315972392.42100364,00000000-0000-0000-0000-000000051024,OTHERS,202.38814827541583,2342.907085690997,MIA
315972392.42100364,00000000-0000-0000-0000-000000051007,OTHERS,151.45680279706673,2329.986580176584,MIA
315972392.42100364,00000000-0000-0000-0000-000000051029,OTHERS,156.93517292038504,2364.694998422879,MIA
315972392.42100364,00000000-0000-0000-0000-000000050995,OTHERS,227.37315633595824,2338.3469616589546,MIA
315972392.42100364,00000000-0000-0000-0000-000000050966,OTHERS,157.38279663656442,2353.915224914957,MIA
315972392.42100364,00000000-0000-0000-0000-000000050946,OTHERS,153.8692272082954,2350.1328054457113,MIA
315972392.42100364,00000000-0000-0000-0000-000000050902,OTHERS,186.8130716891305,2339.8386668522558,MIA
315972392.53985214,00000000-0000-0000-0000-000000000000,AV,175.5174604947021,2338.964474150315,MIA
315972392.53985214,00000000-0000-0000-0000-000000050902,OTHERS,186.28043006488812,2339.828295690852,MIA
315972392.53985214,00000000-0000-0000-0000-000000050946,OTHERS,153.90471319895076,2350.198706523925,MIA
315972392.53985214,00000000-0000-0000-0000-000000048346,AGENT,161.91665545665128,2336.146633311422,MIA
315972392.53985214,00000000-0000-0000-0000-000000050966,OTHERS,157.26045254487144,2354.013424065303,MIA
315972392.53985214,00000000-0000-0000-0000-000000050994,OTHERS,154.125257737534,2361.179240259694,MIA
315972392.53985214,00000000-0000-0000-0000-000000050995,OTHERS,227.37315633595824,2338.3469616589546,MIA
315972392.53985214,00000000-0000-0000-0000-000000051029,OTHERS,156.88797624105973,2364.899636293936,MIA
315972392.53985214,00000000-0000-0000-0000-000000051007,OTHERS,151.54506174300585,2330.0038626778023,MIA
315972392.53985214,00000000-0000-0000-0000-000000050989,OTHERS,145.04115987796175,2329.260687436737,MIA
315972392.53985214,00000000-0000-0000-0000-000000051049,OTHERS,156.79093596777642,2382.8507423874,MIA
315972392.53985214,00000000-0000-0000-0000-000000051024,OTHERS,202.38814827541583,2342.907085690997,MIA
315972392.53985214,00000000-0000-0000-0000-000000051045,OTHERS,153.4936926547394,2376.9013190453925,MIA
315972392.53985214,00000000-0000-0000-0000-000000050837,OTHERS,174.1918681734156,2342.024171165864,MIA
315972392.53985214,00000000-0000-0000-0000-000000051041,OTHERS,157.18528212823333,2363.413046441645,MIA
315972392.6591351,00000000-0000-0000-0000-000000000000,AV,175.0265670663904,2338.924560213344,MIA
315972392.6591351,00000000-0000-0000-0000-000000050837,OTHERS,173.65310182525118,2341.9973194453337,MIA
315972392.6591351,00000000-0000-0000-0000-000000050902,OTHERS,185.5596147692758,2339.7926524801164,MIA
315972392.6591351,00000000-0000-0000-0000-000000050946,OTHERS,153.91095234344456,2350.164842975284,MIA
315972392.6591351,00000000-0000-0000-0000-000000048346,AGENT,161.3814172057685,2336.041548862025,MIA
315972392.6591351,00000000-0000-0000-0000-000000050966,OTHERS,157.33073151583244,2353.951950808147,MIA
315972392.6591351,00000000-0000-0000-0000-000000051029,OTHERS,156.96524986081008,2364.896883629436,MIA
315972392.6591351,00000000-0000-0000-0000-000000051007,OTHERS,151.6162663304413,2330.0030188817786,MIA
315972392.6591351,00000000-0000-0000-0000-000000050994,OTHERS,154.06703356518844,2361.2258390622133,MIA
315972392.6591351,00000000-0000-0000-0000-000000051049,OTHERS,156.68506156201633,2384.555820673207,MIA
315972392.6591351,00000000-0000-0000-0000-000000050989,OTHERS,145.0502569569434,2329.2164471355004,MIA
315972392.6591351,00000000-0000-0000-0000-000000051045,OTHERS,153.3862579170899,2377.9059276986936,MIA
315972392.77403057,00000000-0000-0000-0000-000000000000,AV,174.53644156322034,2338.881321517989,MIA
315972392.77403057,00000000-0000-0000-0000-000000048346,AGENT,160.7998761393409,2335.9602500705155,MIA
315972392.77403057,00000000-0000-0000-0000-000000050994,OTHERS,154.09894343774116,2361.256238643198,MIA
315972392.77403057,00000000-0000-0000-0000-000000050837,OTHERS,173.17846371003017,2342.003877743938,MIA
315972392.77403057,00000000-0000-0000-0000-000000051049,OTHERS,156.85920814192832,2385.2778736188698,MIA
315972392.77403057,00000000-0000-0000-0000-000000051045,OTHERS,153.37936117065325,2377.929275366271,MIA
315972392.77403057,00000000-0000-0000-0000-000000051007,OTHERS,151.61867837779536,2329.988583133913,MIA
315972392.77403057,00000000-0000-0000-0000-000000051029,OTHERS,156.88255760099491,2364.7571273917656,MIA
315972392.77403057,00000000-0000-0000-0000-000000050989,OTHERS,145.0169059454354,2329.2135999095904,MIA
315972392.77403057,00000000-0000-0000-0000-000000050966,OTHERS,157.2338674850679,2354.017751231056,MIA
315972392.77403057,00000000-0000-0000-0000-000000050946,OTHERS,153.914306915534,2350.1506363246012,MIA
315972392.77403057,00000000-0000-0000-0000-000000050902,OTHERS,185.0440728649513,2339.7829076505272,MIA
315972392.8784918,00000000-0000-0000-0000-000000000000,AV,174.085616122629,2338.8389603517003,MIA
315972392.8784918,00000000-0000-0000-0000-000000048346,AGENT,160.61797757153542,2335.912265217047,MIA
315972392.8784918,00000000-0000-0000-0000-000000050994,OTHERS,154.0805971919797,2361.3106206689904,MIA
315972392.8784918,00000000-0000-0000-0000-000000050837,OTHERS,172.63705693492798,2342.016485101279,MIA
315972392.8784918,00000000-0000-0000-0000-000000051049,OTHERS,156.82740407339313,2385.9362682843357,MIA
315972392.8784918,00000000-0000-0000-0000-000000051045,OTHERS,153.37936117065325,2377.929275366271,MIA
315972392.8784918,00000000-0000-0000-0000-000000051007,OTHERS,151.5986191169312,2329.969522780887,MIA
315972392.8784918,00000000-0000-0000-0000-000000051029,OTHERS,156.88485937829822,2364.7514312510057,MIA
315972392.8784918,00000000-0000-0000-0000-000000050989,OTHERS,145.0445988375115,2329.1903380681456,MIA
315972392.8784918,00000000-0000-0000-0000-000000050966,OTHERS,157.34068399871808,2353.962121032302,MIA
315972392.8784918,00000000-0000-0000-0000-000000050946,OTHERS,153.90416892058434,2350.176581084407,MIA
315972392.8784918,00000000-0000-0000-0000-000000050902,OTHERS,184.396574672254,2339.774705945415,MIA
315972392.9809869,00000000-0000-0000-0000-000000000000,AV,173.6737629114448,2338.796573907109,MIA
315972392.9809869,00000000-0000-0000-0000-000000050902,OTHERS,183.7796823520337,2339.7641124603224,MIA
315972392.9809869,00000000-0000-0000-0000-000000050946,OTHERS,153.93594424252092,2350.0757642551753,MIA
315972392.9809869,00000000-0000-0000-0000-000000048346,AGENT,160.08181105237475,2335.753410861173,MIA
315972392.9809869,00000000-0000-0000-0000-000000050994,OTHERS,154.0680651701435,2361.3898170701364,MIA
315972392.9809869,00000000-0000-0000-0000-000000050837,OTHERS,172.17365463958507,2342.0317458760583,MIA
315972392.9809869,00000000-0000-0000-0000-000000051049,OTHERS,156.44347679032418,2383.445951722275,MIA
315972392.9809869,00000000-0000-0000-0000-000000051045,OTHERS,153.37936117065325,2377.929275366271,MIA
315972392.9809869,00000000-0000-0000-0000-000000051007,OTHERS,151.5784653545026,2330.0451184076032,MIA
315972392.9809869,00000000-0000-0000-0000-000000051029,OTHERS,156.87488672604724,2364.778564721503,MIA
315972392.9809869,00000000-0000-0000-0000-000000050989,OTHERS,145.09068440043518,2329.18337457102,MIA
315972392.9809869,00000000-0000-0000-0000-000000050966,OTHERS,157.32120984225548,2354.0001983635857,MIA
315972393.08800644,00000000-0000-0000-0000-000000000000,AV,173.22790221191605,2338.746124228416,MIA
315972393.08800644,00000000-0000-0000-0000-000000048346,AGENT,159.56228141276546,2335.675797733845,MIA
315972393.08800644,00000000-0000-0000-0000-000000050902,OTHERS,183.34006755489548,2339.7285882947044,MIA
315972393.08800644,00000000-0000-0000-0000-000000051053,OTHERS,152.65589627882102,2365.077188711479,MIA
315972393.08800644,00000000-0000-0000-0000-000000050837,OTHERS,171.7247865292389,2342.0634739972847,MIA
315972393.08800644,00000000-0000-0000-0000-000000051049,OTHERS,156.2530976386824,2380.3004684734024,MIA
315972393.08800644,00000000-0000-0000-0000-000000051045,OTHERS,153.37936117065325,2377.929275366271,MIA
315972393.08800644,00000000-0000-0000-0000-000000051007,OTHERS,151.51553141599518,2329.9864146223017,MIA
315972393.08800644,00000000-0000-0000-0000-000000051029,OTHERS,156.86797551991987,2364.767779918212,MIA
315972393.08800644,00000000-0000-0000-0000-000000050994,OTHERS,154.15906036468797,2361.440841084325,MIA
315972393.08800644,00000000-0000-0000-0000-000000050989,OTHERS,145.05598258239047,2329.1566021086564,MIA
315972393.08800644,00000000-0000-0000-0000-000000050966,OTHERS,157.32578898843744,2354.0070751865132,MIA
315972393.08800644,00000000-0000-0000-0000-000000050946,OTHERS,153.89307357704504,2350.222852971146,MIA
315972393.19264126,00000000-0000-0000-0000-000000000000,AV,172.77762018597286,2338.690034874072,MIA
315972393.19264126,00000000-0000-0000-0000-000000048346,AGENT,159.34881505337103,2335.619799493911,MIA
315972393.19264126,00000000-0000-0000-0000-000000051053,OTHERS,152.67481415080377,2365.0815335074444,MIA
315972393.19264126,00000000-0000-0000-0000-000000051049,OTHERS,156.46462125464512,2380.489496782306,MIA
315972393.19264126,00000000-0000-0000-0000-000000050837,OTHERS,171.22194256924703,2342.058893290209,MIA
315972393.19264126,00000000-0000-0000-0000-000000051007,OTHERS,151.43768787037143,2329.9919815922767,MIA
315972393.19264126,00000000-0000-0000-0000-000000051029,OTHERS,156.95279855833505,2364.375784257144,MIA
315972393.19264126,00000000-0000-0000-0000-000000050994,OTHERS,154.19689863488355,2361.531297449568,MIA
315972393.19264126,00000000-0000-0000-0000-000000050989,OTHERS,145.0735017532181,2329.1928631680757,MIA
315972393.19264126,00000000-0000-0000-0000-000000050966,OTHERS,157.28166615634578,2354.0364024841874,MIA
315972393.19264126,00000000-0000-0000-0000-000000050946,OTHERS,153.89692618328468,2350.225007281309,MIA
315972393.19264126,00000000-0000-0000-0000-000000050902,OTHERS,182.8817681472061,2339.706335778957,MIA
315972393.3006301,00000000-0000-0000-0000-000000000000,AV,172.33371090347674,2338.630922696231,MIA
315972393.3006301,00000000-0000-0000-0000-000000048346,AGENT,158.87869128531094,2335.53593579478,MIA
315972393.3006301,00000000-0000-0000-0000-000000050902,OTHERS,182.18174849457355,2339.6661577363643,MIA
315972393.3006301,00000000-0000-0000-0000-000000051053,OTHERS,152.72578713708543,2365.073696585625,MIA
315972393.3006301,00000000-0000-0000-0000-000000050989,OTHERS,145.09702876322672,2329.18312852511,MIA
315972393.3006301,00000000-0000-0000-0000-000000050837,OTHERS,170.83686266907048,2342.117478038011,MIA
315972393.3006301,00000000-0000-0000-0000-000000051049,OTHERS,156.458574585471,2381.796352554579,MIA
315972393.3006301,00000000-0000-0000-0000-000000051007,OTHERS,151.47024842619925,2329.9508814342817,MIA
315972393.3006301,00000000-0000-0000-0000-000000051029,OTHERS,157.06070443573574,2363.042236011551,MIA
315972393.3006301,00000000-0000-0000-0000-000000050994,OTHERS,154.21490241940413,2361.601840574505,MIA
315972393.3006301,00000000-0000-0000-0000-000000050966,OTHERS,157.32385070230228,2354.0354459454365,MIA
315972393.3006301,00000000-0000-0000-0000-000000050946,OTHERS,153.91429276094325,2350.2432864167968,MIA
315972393.41171205,00000000-0000-0000-0000-000000000000,AV,171.89159259131176,2338.567485723453,MIA
315972393.41171205,00000000-0000-0000-0000-000000048346,AGENT,158.3739360330101,2335.394338104053,MIA
315972393.41171205,00000000-0000-0000-0000-000000051053,OTHERS,152.77991915712445,2365.227915281946,MIA
315972393.41171205,00000000-0000-0000-0000-000000051059,OTHERS,119.62541056673923,2331.8562421307684,MIA
315972393.41171205,00000000-0000-0000-0000-000000051052,OTHERS,163.57413843731166,2370.353719920219,MIA
315972393.41171205,00000000-0000-0000-0000-000000050989,OTHERS,145.09598809732108,2329.207594570289,MIA
315972393.41171205,00000000-0000-0000-0000-000000051007,OTHERS,151.47801758104043,2329.972389919656,MIA
315972393.41171205,00000000-0000-0000-0000-000000051029,OTHERS,157.03646691571782,2363.1147362802985,MIA
315972393.41171205,00000000-0000-0000-0000-000000050994,OTHERS,154.2274990552481,2361.627882523825,MIA
315972393.41171205,00000000-0000-0000-0000-000000050966,OTHERS,157.29385211032778,2353.9060736214833,MIA
315972393.41171205,00000000-0000-0000-0000-000000050946,OTHERS,153.9314710461822,2350.220382950116,MIA
315972393.41171205,00000000-0000-0000-0000-000000050902,OTHERS,181.721259734722,2339.6130108378625,MIA
315972393.41171205,00000000-0000-0000-0000-000000051049,OTHERS,156.5154813953426,2381.9307955529707,MIA
315972393.41171205,00000000-0000-0000-0000-000000050837,OTHERS,170.46362473156114,2342.170670556697,MIA
315972393.53232485,00000000-0000-0000-0000-000000000000,AV,171.36564115916104,2338.485548740543,MIA
315972393.53232485,00000000-0000-0000-0000-000000048346,AGENT,157.59105146548427,2335.248809870756,MIA
315972393.53232485,00000000-0000-0000-0000-000000050902,OTHERS,180.8780846579987,2339.623773119204,MIA
315972393.53232485,00000000-0000-0000-0000-000000050966,OTHERS,157.30277077371764,2353.9797246373937,MIA
315972393.53232485,00000000-0000-0000-0000-000000051007,OTHERS,151.54992081108,2330.019523475379,MIA
315972393.53232485,00000000-0000-0000-0000-000000051063,OTHERS,241.84588641013167,2338.915370490917,MIA
315972393.53232485,00000000-0000-0000-0000-000000050989,OTHERS,145.07329198602284,2329.243617219753,MIA
315972393.53232485,00000000-0000-0000-0000-000000051052,OTHERS,163.64381551891776,2370.225177484635,MIA
315972393.53232485,00000000-0000-0000-0000-000000050946,OTHERS,153.8600607589554,2350.130991606571,MIA
315972393.53232485,00000000-0000-0000-0000-000000051053,OTHERS,152.85384440520622,2365.1438474223355,MIA
315972393.53232485,00000000-0000-0000-0000-000000051059,OTHERS,118.7939693394092,2331.713018190381,MIA
315972393.53232485,00000000-0000-0000-0000-000000050837,OTHERS,169.59757977413747,2342.343591061135,MIA
315972393.53232485,00000000-0000-0000-0000-000000051049,OTHERS,156.61000555855694,2381.723947629148,MIA
315972393.53232485,00000000-0000-0000-0000-000000051029,OTHERS,156.94821457566871,2363.626958759409,MIA
315972393.53232485,00000000-0000-0000-0000-000000050994,OTHERS,154.2009718597996,2361.8948701073705,MIA
315972393.6450255,00000000-0000-0000-0000-000000000000,AV,170.9261064284379,2338.410967303873,MIA
315972393.6450255,00000000-0000-0000-0000-000000048346,AGENT,157.17612684454545,2335.161216632573,MIA
315972393.6450255,00000000-0000-0000-0000-000000050902,OTHERS,180.48086825111545,2339.555584660695,MIA
315972393.6450255,00000000-0000-0000-0000-000000050966,OTHERS,157.30789124926196,2353.9364566977506,MIA
315972393.6450255,00000000-0000-0000-0000-000000051007,OTHERS,151.45975826262818,2330.0092631791917,MIA
315972393.6450255,00000000-0000-0000-0000-000000051063,OTHERS,241.84588641013167,2338.915370490917,MIA
315972393.6450255,00000000-0000-0000-0000-000000050989,OTHERS,145.0395790600281,2329.23766764314,MIA
315972393.6450255,00000000-0000-0000-0000-000000051052,OTHERS,163.64381551891776,2370.225177484635,MIA
315972393.6450255,00000000-0000-0000-0000-000000050946,OTHERS,153.9160848495633,2350.273941462929,MIA
315972393.6450255,00000000-0000-0000-0000-000000051053,OTHERS,152.8964536774296,2365.231451713854,MIA
315972393.6450255,00000000-0000-0000-0000-000000051059,OTHERS,118.42468472806313,2331.623038918942,MIA
315972393.6450255,00000000-0000-0000-0000-000000050837,OTHERS,169.11306645657763,2342.4429905589514,MIA
315972393.6450255,00000000-0000-0000-0000-000000051049,OTHERS,156.58941006874758,2381.0355199014944,MIA
315972393.6450255,00000000-0000-0000-0000-000000051029,OTHERS,156.86210243789708,2364.7449867953023,MIA
315972393.6450255,00000000-0000-0000-0000-000000050994,OTHERS,154.23094663789047,2361.9393547037585,MIA
315972393.7552886,00000000-0000-0000-0000-000000000000,AV,170.4458939814539,2338.3236823105067,MIA
315972393.7552886,00000000-0000-0000-0000-000000048346,AGENT,156.68697004661374,2335.0468019924647,MIA
315972393.7552886,00000000-0000-0000-0000-000000050902,OTHERS,179.9140371308076,2339.5469004582433,MIA
315972393.7552886,00000000-0000-0000-0000-000000050966,OTHERS,157.31898795665086,2353.995007966211,MIA
315972393.7552886,00000000-0000-0000-0000-000000051007,OTHERS,151.45253042533568,2329.993589818181,MIA
315972393.7552886,00000000-0000-0000-0000-000000051063,OTHERS,244.03000613000808,2339.0026139571864,MIA
315972393.7552886,00000000-0000-0000-0000-000000050989,OTHERS,145.06679805221344,2329.3053944529643,MIA
315972393.7552886,00000000-0000-0000-0000-000000051052,OTHERS,163.64381551891776,2370.225177484635,MIA
315972393.7552886,00000000-0000-0000-0000-000000050946,OTHERS,153.91430911606702,2350.387373849584,MIA
315972393.7552886,00000000-0000-0000-0000-000000051053,OTHERS,152.95874430134342,2365.146309400478,MIA
315972393.7552886,00000000-0000-0000-0000-000000051059,OTHERS,118.05133779172304,2331.5455301056477,MIA
315972393.7552886,00000000-0000-0000-0000-000000050837,OTHERS,168.44409888658467,2342.7619118887187,MIA
315972393.7552886,00000000-0000-0000-0000-000000051049,OTHERS,156.62115153370308,2380.749308195711,MIA
315972393.7552886,00000000-0000-0000-0000-000000051029,OTHERS,156.8761329121641,2364.7159442058314,MIA
315972393.7552886,00000000-0000-0000-0000-000000050994,OTHERS,154.20088889380855,2362.126495475207,MIA
315972393.866954,00000000-0000-0000-0000-000000000000,AV,170.00536210669202,2338.238220114654,MIA
315972393.866954,00000000-0000-0000-0000-000000048346,AGENT,156.20570680228147,2334.9660640394504,MIA
315972393.866954,00000000-0000-0000-0000-000000050902,OTHERS,179.39789259743264,2339.5053915016397,MIA
315972393.866954,00000000-0000-0000-0000-000000050966,OTHERS,157.28712481921062,2353.9264388344995,MIA
315972393.866954,00000000-0000-0000-0000-000000051007,OTHERS,151.42326200039378,2330.004377602776,MIA
315972393.866954,00000000-0000-0000-0000-000000051063,OTHERS,244.03000613000808,2339.0026139571864,MIA
315972393.866954,00000000-0000-0000-0000-000000050946,OTHERS,153.88433206014216,2350.4593444756706,MIA
315972393.866954,00000000-0000-0000-0000-000000051053,OTHERS,152.94609243441215,2365.2872819360973,MIA
315972393.866954,00000000-0000-0000-0000-000000051059,OTHERS,117.54604946735088,2331.3948257473376,MIA
315972393.866954,00000000-0000-0000-0000-000000050989,OTHERS,145.07246456501028,2329.335586266037,MIA
315972393.866954,00000000-0000-0000-0000-000000050837,OTHERS,168.24198224458453,2342.7074169243037,MIA
315972393.866954,00000000-0000-0000-0000-000000051049,OTHERS,156.62516665986843,2380.491245815472,MIA
315972393.866954,00000000-0000-0000-0000-000000051067,OTHERS,156.1219786355436,2392.883494351153,MIA
315972393.866954,00000000-0000-0000-0000-000000051029,OTHERS,156.8643354802654,2364.7297578213474,MIA
315972393.866954,00000000-0000-0000-0000-000000050994,OTHERS,154.20088889380855,2362.126495475207,MIA
315972393.9837,00000000-0000-0000-0000-000000000000,AV,169.52709308636332,2338.139174518757,MIA
315972393.9837,00000000-0000-0000-0000-000000048346,AGENT,155.98011706637033,2334.9510594750227,MIA
315972393.9837,00000000-0000-0000-0000-000000050902,OTHERS,178.8745748222704,2339.463872139089,MIA
315972393.9837,00000000-0000-0000-0000-000000050966,OTHERS,157.2624787549506,2353.9687639378,MIA
315972393.9837,00000000-0000-0000-0000-000000050946,OTHERS,153.89715862269227,2350.6041724314355,MIA
315972393.9837,00000000-0000-0000-0000-000000051053,OTHERS,152.75097509406174,2365.844906092409,MIA
315972393.9837,00000000-0000-0000-0000-000000051067,OTHERS,156.1219786355436,2392.883494351153,MIA
315972393.9837,00000000-0000-0000-0000-000000051029,OTHERS,156.86536499626988,2364.825296058469,MIA
315972393.9837,00000000-0000-0000-0000-000000051063,OTHERS,244.03000613000808,2339.0026139571864,MIA
315972393.9837,00000000-0000-0000-0000-000000051059,OTHERS,117.17616976583305,2331.457349270171,MIA
315972393.9837,00000000-0000-0000-0000-000000050989,OTHERS,145.04153909008002,2329.3453829969008,MIA
315972393.9837,00000000-0000-0000-0000-000000050837,OTHERS,167.7872319266272,2342.8539314208124,MIA
315972393.9837,00000000-0000-0000-0000-000000051049,OTHERS,156.56799183164478,2380.1439658625973,MIA
315972393.9837,00000000-0000-0000-0000-000000051007,OTHERS,151.46122553673925,2329.962497025584,MIA
315972393.9837,00000000-0000-0000-0000-000000050994,OTHERS,154.20088889380855,2362.126495475207,MIA
315972394.09351546,00000000-0000-0000-0000-000000000000,AV,169.0920171344172,2338.0439843888266,MIA
315972394.09351546,00000000-0000-0000-0000-000000048346,AGENT,155.461833938872,2334.8296965845943,MIA
315972394.09351546,00000000-0000-0000-0000-000000050902,OTHERS,178.26982077992832,2339.3939579608195,MIA
315972394.09351546,00000000-0000-0000-0000-000000051063,OTHERS,244.03000613000808,2339.0026139571864,MIA
315972394.09351546,00000000-0000-0000-0000-000000051053,OTHERS,152.80150669264955,2365.835517664544,MIA
315972394.09351546,00000000-0000-0000-0000-000000051067,OTHERS,156.16461741244777,2392.046451439992,MIA
315972394.09351546,00000000-0000-0000-0000-000000051029,OTHERS,156.8913229639125,2364.662744010648,MIA
315972394.09351546,00000000-0000-0000-0000-000000051059,OTHERS,116.81581795842787,2331.340041677382,MIA
315972394.09351546,00000000-0000-0000-0000-000000050989,OTHERS,144.93287314786355,2329.344569404117,MIA
315972394.09351546,00000000-0000-0000-0000-000000050837,OTHERS,167.39211060949089,2343.0047281038296,MIA
315972394.09351546,00000000-0000-0000-0000-000000051007,OTHERS,151.50849543079494,2329.967983634241,MIA
315972394.09351546,00000000-0000-0000-0000-000000050994,OTHERS,154.20088889380855,2362.126495475207,MIA
315972394.09351546,00000000-0000-0000-0000-000000050966,OTHERS,157.3088029359781,2353.976567256875,MIA
315972394.09351546,00000000-0000-0000-0000-000000050946,OTHERS,153.88355277896778,2350.5145910240826,MIA
315972394.20284885,00000000-0000-0000-0000-000000000000,AV,168.61494929905516,2337.9346317694767,MIA
315972394.20284885,00000000-0000-0000-0000-000000048346,AGENT,155.03410860506534,2334.6877863950767,MIA
315972394.20284885,00000000-0000-0000-0000-000000051071,OTHERS,154.7521265732858,2406.158113023293,MIA
315972394.20284885,00000000-0000-0000-0000-000000051053,OTHERS,153.09479189921146,2365.392240384644,MIA
315972394.20284885,00000000-0000-0000-0000-000000050946,OTHERS,153.91347211529697,2350.5370447964565,MIA
315972394.20284885,00000000-0000-0000-0000-000000050902,OTHERS,177.92895480521526,2339.3915278385457,MIA
315972394.20284885,00000000-0000-0000-0000-000000051029,OTHERS,157.04393303538768,2363.9694989250875,MIA
315972394.20284885,00000000-0000-0000-0000-000000051067,OTHERS,156.26212734717174,2392.095701606077,MIA
315972394.20284885,00000000-0000-0000-0000-000000051059,OTHERS,116.39418127759564,2331.324694647833,MIA
315972394.20284885,00000000-0000-0000-0000-000000050989,OTHERS,145.03709758083022,2329.411542928863,MIA
315972394.20284885,00000000-0000-0000-0000-000000050837,OTHERS,166.9251585117158,2343.2632069137608,MIA
315972394.20284885,00000000-0000-0000-0000-000000051007,OTHERS,151.45041801435042,2330.0113583115312,MIA
315972394.20284885,00000000-0000-0000-0000-000000050966,OTHERS,157.1670209682951,2354.1395223737404,MIA
315972394.3134924,00000000-0000-0000-0000-000000000000,AV,168.17975912420715,2337.832462678509,MIA
315972394.3134924,00000000-0000-0000-0000-000000048346,AGENT,154.70422275536464,2334.71527110691,MIA
315972394.3134924,00000000-0000-0000-0000-000000051071,OTHERS,155.08842454892573,2405.7155524468544,MIA
315972394.3134924,00000000-0000-0000-0000-000000051053,OTHERS,152.95424036791815,2365.99636665565,MIA
315972394.3134924,00000000-0000-0000-0000-000000050946,OTHERS,153.902507906396,2350.5970072674413,MIA
315972394.3134924,00000000-0000-0000-0000-000000050902,OTHERS,177.4329091396702,2339.346062858157,MIA
315972394.3134924,00000000-0000-0000-0000-000000051029,OTHERS,157.09952238894576,2363.829117521778,MIA
315972394.3134924,00000000-0000-0000-0000-000000051067,OTHERS,156.2908366803247,2391.711854213725,MIA
315972394.3134924,00000000-0000-0000-0000-000000051059,OTHERS,116.01549292818157,2331.302871132577,MIA
315972394.3134924,00000000-0000-0000-0000-000000050989,OTHERS,144.85135069972608,2329.3843467048027,MIA
315972394.3134924,00000000-0000-0000-0000-000000050837,OTHERS,166.53014295815402,2343.447812094137,MIA
315972394.3134924,00000000-0000-0000-0000-000000051007,OTHERS,151.45114750352863,2330.010357820518,MIA
315972394.3134924,00000000-0000-0000-0000-000000050966,OTHERS,157.15348671709796,2354.167159435618,MIA
315972394.42748463,00000000-0000-0000-0000-000000000000,AV,167.70885752254293,2337.7154725888745,MIA
315972394.42748463,00000000-0000-0000-0000-000000050902,OTHERS,176.35155577756146,2339.239199380737,MIA
315972394.42748463,00000000-0000-0000-0000-000000051071,OTHERS,155.31791290496778,2404.7122945445994,MIA
315972394.42748463,00000000-0000-0000-0000-000000050946,OTHERS,153.9171593843731,2350.589158095765,MIA
315972394.42748463,00000000-0000-0000-0000-000000051053,OTHERS,153.37542155591296,2365.718686969103,MIA
315972394.42748463,00000000-0000-0000-0000-000000048346,AGENT,153.85222598258838,2334.584456393447,MIA
315972394.42748463,00000000-0000-0000-0000-000000051075,OTHERS,208.52563574018302,2340.983466264079,MIA
315972394.42748463,00000000-0000-0000-0000-000000051059,OTHERS,115.23379049319564,2331.318924376828,MIA
315972394.42748463,00000000-0000-0000-0000-000000050989,OTHERS,144.6091105091419,2329.4538182947463,MIA
315972394.42748463,00000000-0000-0000-0000-000000050837,OTHERS,165.75651032648994,2343.9101649702525,MIA
315972394.42748463,00000000-0000-0000-0000-000000051049,OTHERS,156.7312201967495,2379.362691585234,MIA
315972394.42748463,00000000-0000-0000-0000-000000051007,OTHERS,151.50092341664669,2330.000671069474,MIA
315972394.42748463,00000000-0000-0000-0000-000000051067,OTHERS,156.23264781837054,2391.455566546153,MIA
315972394.42748463,00000000-0000-0000-0000-000000051029,OTHERS,157.05380380635182,2363.761142510202,MIA
315972394.42748463,00000000-0000-0000-0000-000000050966,OTHERS,157.16637285543703,2354.212133500744,MIA
315972394.5429777,00000000-0000-0000-0000-000000000000,AV,167.27491108021826,2337.605192567726,MIA
315972394.5429777,00000000-0000-0000-0000-000000050902,OTHERS,176.0735553806939,2339.231295215435,MIA
315972394.5429777,00000000-0000-0000-0000-000000050966,OTHERS,157.11678997364518,2354.2863872437,MIA
315972394.5429777,00000000-0000-0000-0000-000000051071,OTHERS,155.33593038653,2404.1681785631313,MIA
315972394.5429777,00000000-0000-0000-0000-000000050946,OTHERS,153.87654147369932,2350.6683458144253,MIA
315972394.5429777,00000000-0000-0000-0000-000000051053,OTHERS,153.29663389730268,2366.308999187725,MIA
315972394.5429777,00000000-0000-0000-0000-000000048346,AGENT,153.47988126644609,2334.4958014766835,MIA
315972394.5429777,00000000-0000-0000-0000-000000051075,OTHERS,207.81055462691987,2341.1571082194496,MIA
315972394.5429777,00000000-0000-0000-0000-000000051007,OTHERS,151.52815231696025,2330.012531100201,MIA
315972394.5429777,00000000-0000-0000-0000-000000051059,OTHERS,114.822082603092,2331.2974438226065,MIA
315972394.5429777,00000000-0000-0000-0000-000000050989,OTHERS,144.65320035047662,2329.4620810856227,MIA
315972394.5429777,00000000-0000-0000-0000-000000050837,OTHERS,165.2976505398437,2344.2524400153475,MIA
315972394.5429777,00000000-0000-0000-0000-000000051049,OTHERS,156.77543844414836,2379.146795582197,MIA
315972394.5429777,00000000-0000-0000-0000-000000051067,OTHERS,156.24544000133332,2391.2005267503696,MIA
315972394.5429777,00000000-0000-0000-0000-000000051029,OTHERS,156.94761774245626,2362.0151270512056,MIA
315972394.662162,00000000-0000-0000-0000-000000000000,AV,166.77020717113814,2337.475496166232,MIA
315972394.662162,00000000-0000-0000-0000-000000050902,OTHERS,175.6424303707943,2339.1894819295558,MIA
315972394.662162,00000000-0000-0000-0000-000000050966,OTHERS,157.17776418652545,2354.1733334275964,MIA
315972394.662162,00000000-0000-0000-0000-000000051071,OTHERS,155.26715449171195,2404.726338433533,MIA
315972394.662162,00000000-0000-0000-0000-000000050946,OTHERS,153.9087088316491,2350.479213103383,MIA
315972394.662162,00000000-0000-0000-0000-000000051053,OTHERS,153.10034621456185,2366.9272883913395,MIA
315972394.662162,00000000-0000-0000-0000-000000050989,OTHERS,144.68761091625225,2329.509180023125,MIA
315972394.662162,00000000-0000-0000-0000-000000048346,AGENT,152.95389676322228,2334.365719963541,MIA
315972394.662162,00000000-0000-0000-0000-000000051075,OTHERS,207.1913644645577,2341.181245723701,MIA
315972394.662162,00000000-0000-0000-0000-000000051067,OTHERS,156.3544088562169,2390.7524298202093,MIA
315972394.662162,00000000-0000-0000-0000-000000051029,OTHERS,156.99270204451324,2361.9918996338097,MIA
315972394.662162,00000000-0000-0000-0000-000000051007,OTHERS,151.44618289912185,2329.997290287887,MIA
315972394.662162,00000000-0000-0000-0000-000000051059,OTHERS,114.42187517977956,2331.235607613032,MIA
315972394.662162,00000000-0000-0000-0000-000000050837,OTHERS,165.02772946854182,2344.420975689029,MIA
315972394.662162,00000000-0000-0000-0000-000000051049,OTHERS,156.77343535179696,2378.897805167643,MIA
315972394.77818966,00000000-0000-0000-0000-000000000000,AV,166.2993412637106,2337.352615969585,MIA
315972394.77818966,00000000-0000-0000-0000-000000050902,OTHERS,175.0358015824239,2339.134644365552,MIA
315972394.77818966,00000000-0000-0000-0000-000000050966,OTHERS,157.16753838025537,2354.128565574188,MIA
315972394.77818966,00000000-0000-0000-0000-000000051071,OTHERS,155.52643658155046,2403.332241692753,MIA
315972394.77818966,00000000-0000-0000-0000-000000050946,OTHERS,153.8811253953661,2350.614798063863,MIA
315972394.77818966,00000000-0000-0000-0000-000000051053,OTHERS,153.20048211984135,2367.151876043163,MIA
315972394.77818966,00000000-0000-0000-0000-000000048346,AGENT,152.61953486195657,2334.3185538798416,MIA
315972394.77818966,00000000-0000-0000-0000-000000051075,OTHERS,206.5936392709401,2341.2066316858873,MIA
315972394.77818966,00000000-0000-0000-0000-000000051067,OTHERS,156.3387172377721,2390.513007859409,MIA
315972394.77818966,00000000-0000-0000-0000-000000051029,OTHERS,157.0202066047585,2362.0011930725645,MIA
315972394.77818966,00000000-0000-0000-0000-000000051007,OTHERS,151.43733994530874,2329.987871856698,MIA
315972394.77818966,00000000-0000-0000-0000-000000051059,OTHERS,114.04935252133751,2331.264540014219,MIA
315972394.77818966,00000000-0000-0000-0000-000000050989,OTHERS,144.64007700241032,2329.5154113260337,MIA
315972394.77818966,00000000-0000-0000-0000-000000050837,OTHERS,164.68281560525597,2344.776418286277,MIA
315972394.77818966,00000000-0000-0000-0000-000000051049,OTHERS,156.8789105665484,2378.593553823753,MIA
315972394.89378434,00000000-0000-0000-0000-000000000000,AV,165.8713683692249,2337.240967032261,MIA
315972394.89378434,00000000-0000-0000-0000-000000050902,OTHERS,174.68066113300847,2339.10081357267,MIA
315972394.89378434,00000000-0000-0000-0000-000000048346,AGENT,152.17493637612714,2334.285668304459,MIA
315972394.89378434,00000000-0000-0000-0000-000000051075,OTHERS,205.9219222713197,2341.1347352080666,MIA
315972394.89378434,00000000-0000-0000-0000-000000051071,OTHERS,155.60099741681034,2402.9239148999154,MIA
315972394.89378434,00000000-0000-0000-0000-000000051053,OTHERS,153.20048211984135,2367.151876043163,MIA
315972394.89378434,00000000-0000-0000-0000-000000051067,OTHERS,156.40873756340397,2389.954249045383,MIA
315972394.89378434,00000000-0000-0000-0000-000000051029,OTHERS,156.96102582638886,2362.0636362013447,MIA
315972394.89378434,00000000-0000-0000-0000-000000051059,OTHERS,113.759013043336,2331.318104051663,MIA
315972394.89378434,00000000-0000-0000-0000-000000050989,OTHERS,144.53703789487946,2329.537970384923,MIA
315972394.89378434,00000000-0000-0000-0000-000000050837,OTHERS,164.4266820917892,2344.923304498946,MIA
315972394.89378434,00000000-0000-0000-0000-000000051049,OTHERS,156.826140159843,2378.222810888601,MIA
315972394.89378434,00000000-0000-0000-0000-000000051007,OTHERS,151.32007850498124,2329.9254286476835,MIA
315972394.89378434,00000000-0000-0000-0000-000000050966,OTHERS,157.17759117697713,2354.0996153832066,MIA
315972394.89378434,00000000-0000-0000-0000-000000051060,OTHERS,157.38232985344476,2367.4385483809288,MIA
315972394.89378434,00000000-0000-0000-0000-000000050946,OTHERS,153.88647396023055,2350.419355358912,MIA
315972395.01202106,00000000-0000-0000-0000-000000000000,AV,165.36350642188518,2337.10598356909,MIA
315972395.01202106,00000000-0000-0000-0000-000000050902,OTHERS,174.21226558548454,2339.0466561900525,MIA
315972395.01202106,00000000-0000-0000-0000-000000048346,AGENT,151.761529824699,2334.2046826786604,MIA
315972395.01202106,00000000-0000-0000-0000-000000051075,OTHERS,205.2362205381011,2341.0822017880096,MIA
315972395.01202106,00000000-0000-0000-0000-000000051071,OTHERS,155.6311755960541,2402.3563121011484,MIA
315972395.01202106,00000000-0000-0000-0000-000000050946,OTHERS,153.80136038622013,2350.8374539097376,MIA
315972395.01202106,00000000-0000-0000-0000-000000051060,OTHERS,157.42931075189253,2367.358877884738,MIA
315972395.01202106,00000000-0000-0000-0000-000000051053,OTHERS,153.20048211984135,2367.151876043163,MIA
315972395.01202106,00000000-0000-0000-0000-000000050837,OTHERS,164.06266874538898,2345.43817795083,MIA
315972395.01202106,00000000-0000-0000-0000-000000051049,OTHERS,156.78327420235414,2378.019117820277,MIA
315972395.01202106,00000000-0000-0000-0000-000000051067,OTHERS,156.44477150226396,2389.8581621320222,MIA
315972395.01202106,00000000-0000-0000-0000-000000051029,OTHERS,156.98074114633053,2362.0807173760345,MIA
315972395.01202106,00000000-0000-0000-0000-000000051059,OTHERS,113.43749790998436,2331.2734611442693,MIA
315972395.01202106,00000000-0000-0000-0000-000000050989,OTHERS,144.64480865639962,2329.617520342527,MIA
315972395.01202106,00000000-0000-0000-0000-000000051007,OTHERS,151.37684852323366,2329.925172968377,MIA
315972395.01202106,00000000-0000-0000-0000-000000050966,OTHERS,157.14873636357268,2354.162992442033,MIA
315972395.1339564,00000000-0000-0000-0000-000000000000,AV,164.89562385704758,2336.9815792523705,MIA
315972395.1339564,00000000-0000-0000-0000-000000050902,OTHERS,173.22316691229597,2338.9054392437383,MIA
315972395.1339564,00000000-0000-0000-0000-000000050966,OTHERS,157.16661020553826,2354.063225951102,MIA
315972395.1339564,00000000-0000-0000-0000-000000048346,AGENT,150.9171946007226,2334.073925687944,MIA
315972395.1339564,00000000-0000-0000-0000-000000051075,OTHERS,204.20483458565917,2340.904505096728,MIA
315972395.1339564,00000000-0000-0000-0000-000000051064,OTHERS,157.71091195112083,2226.8602373558547,MIA
315972395.1339564,00000000-0000-0000-0000-000000050837,OTHERS,163.70426777717847,2346.065026923631,MIA
315972395.1339564,00000000-0000-0000-0000-000000051049,OTHERS,156.83387287486005,2377.7279138282033,MIA
315972395.1339564,00000000-0000-0000-0000-000000051071,OTHERS,155.74035580954444,2401.449132615323,MIA
315972395.1339564,00000000-0000-0000-0000-000000050946,OTHERS,153.85727152661232,2350.837662207552,MIA
315972395.1339564,00000000-0000-0000-0000-000000051060,OTHERS,157.58605308763157,2366.104405787475,MIA
315972395.1339564,00000000-0000-0000-0000-000000051059,OTHERS,113.43749790998436,2331.2734611442693,MIA
315972395.1339564,00000000-0000-0000-0000-000000050989,OTHERS,144.69666105801832,2329.658170695445,MIA
315972395.1339564,00000000-0000-0000-0000-000000051007,OTHERS,151.34005275112128,2329.902969157424,MIA
315972395.1339564,00000000-0000-0000-0000-000000051029,OTHERS,157.11181647302234,2361.9085507161553,MIA
315972395.2512665,00000000-0000-0000-0000-000000000000,AV,164.42299894509085,2336.854914164901,MIA
315972395.2512665,00000000-0000-0000-0000-000000050902,OTHERS,172.7613901882752,2338.835438130624,MIA
315972395.2512665,00000000-0000-0000-0000-000000051083,OTHERS,241.0202493314969,2300.2377240014616,MIA
315972395.2512665,00000000-0000-0000-0000-000000050966,OTHERS,157.11205972086663,2354.2366498924275,MIA
315972395.2512665,00000000-0000-0000-0000-000000050989,OTHERS,144.48968163485995,2329.6142658207104,MIA
315972395.2512665,00000000-0000-0000-0000-000000048346,AGENT,150.52419132461787,2334.008899264891,MIA
315972395.2512665,00000000-0000-0000-0000-000000051075,OTHERS,204.2077324635292,2341.053791083167,MIA
315972395.2512665,00000000-0000-0000-0000-000000051064,OTHERS,157.99413807457458,2226.481381590426,MIA
315972395.2512665,00000000-0000-0000-0000-000000050837,OTHERS,163.34862875365906,2346.274392639573,MIA
315972395.2512665,00000000-0000-0000-0000-000000051049,OTHERS,156.84365779575486,2377.5805592403776,MIA
315972395.2512665,00000000-0000-0000-0000-000000051087,OTHERS,186.73140968600757,2340.040369696339,MIA
315972395.2512665,00000000-0000-0000-0000-000000051071,OTHERS,155.780848090088,2400.9519504135565,MIA
315972395.2512665,00000000-0000-0000-0000-000000050946,OTHERS,153.8347550478784,2350.927849986293,MIA
315972395.2512665,00000000-0000-0000-0000-000000051060,OTHERS,157.43902408004968,2367.3971752202883,MIA
315972395.2512665,00000000-0000-0000-0000-000000051059,OTHERS,113.43749790998436,2331.2734611442693,MIA
315972395.2512665,00000000-0000-0000-0000-000000051007,OTHERS,151.46835548031063,2329.9786068693634,MIA
315972395.2512665,00000000-0000-0000-0000-000000051029,OTHERS,157.1321726413331,2361.948152176128,MIA
315972395.36336213,00000000-0000-0000-0000-000000000000,AV,163.95383405672774,2336.7324182091124,MIA
315972395.36336213,00000000-0000-0000-0000-000000050902,OTHERS,172.3299218325335,2338.79530296635,MIA
315972395.36336213,00000000-0000-0000-0000-000000050966,OTHERS,157.12432069964922,2354.221362458578,MIA
315972395.36336213,00000000-0000-0000-0000-000000050989,OTHERS,144.41809981703122,2329.625207234049,MIA
315972395.36336213,00000000-0000-0000-0000-000000050837,OTHERS,163.17272338712476,2346.852154696174,MIA
315972395.36336213,00000000-0000-0000-0000-000000051049,OTHERS,156.89613455544273,2377.4486391796586,MIA
315972395.36336213,00000000-0000-0000-0000-000000051087,OTHERS,186.0689572182042,2339.9482365086646,MIA
315972395.36336213,00000000-0000-0000-0000-000000051071,OTHERS,155.58109333230567,2401.483905836962,MIA
315972395.36336213,00000000-0000-0000-0000-000000050946,OTHERS,153.92479409768842,2350.762588781845,MIA
315972395.36336213,00000000-0000-0000-0000-000000051060,OTHERS,157.6182342855348,2366.055187502945,MIA
315972395.36336213,00000000-0000-0000-0000-000000048346,AGENT,150.0955327355214,2333.9493119943068,MIA
315972395.36336213,00000000-0000-0000-0000-000000051075,OTHERS,202.94652792180318,2340.921061025719,MIA
315972395.36336213,00000000-0000-0000-0000-000000051064,OTHERS,157.75143763504786,2226.809522293043,MIA
315972395.36336213,00000000-0000-0000-0000-000000051007,OTHERS,151.41872339225344,2329.967900227857,MIA
315972395.36336213,00000000-0000-0000-0000-000000051029,OTHERS,157.16641636035175,2361.927693268086,MIA
315972395.4766713,00000000-0000-0000-0000-000000000000,AV,163.5189015325471,2336.618195684409,MIA
315972395.4766713,00000000-0000-0000-0000-000000050902,OTHERS,172.0093772897278,2338.778283905505,MIA
315972395.4766713,00000000-0000-0000-0000-000000050966,OTHERS,157.17098646576275,2354.065134509516,MIA
315972395.4766713,00000000-0000-0000-0000-000000050837,OTHERS,162.9302603107887,2347.291120926105,MIA
315972395.4766713,00000000-0000-0000-0000-000000051049,OTHERS,156.9544099121451,2377.384849330719,MIA
315972395.4766713,00000000-0000-0000-0000-000000051087,OTHERS,185.53900162926655,2340.051328987297,MIA
315972395.4766713,00000000-0000-0000-0000-000000051071,OTHERS,155.99395680940276,2400.3529920476253,MIA
315972395.4766713,00000000-0000-0000-0000-000000050946,OTHERS,153.88305558357808,2350.7442968087685,MIA
315972395.4766713,00000000-0000-0000-0000-000000051060,OTHERS,157.58840921922373,2365.838467883659,MIA
315972395.4766713,00000000-0000-0000-0000-000000048346,AGENT,149.61329479959684,2333.9130110975825,MIA
315972395.4766713,00000000-0000-0000-0000-000000051075,OTHERS,202.24172354755402,2340.926166204476,MIA
315972395.4766713,00000000-0000-0000-0000-000000051064,OTHERS,157.75143763504786,2226.809522293043,MIA
315972395.4766713,00000000-0000-0000-0000-000000051007,OTHERS,151.30727867347446,2329.899932195315,MIA
315972395.4766713,00000000-0000-0000-0000-000000051029,OTHERS,157.20336896899963,2361.972465146358,MIA
315972395.4766713,00000000-0000-0000-0000-000000050989,OTHERS,144.3369042336841,2329.6575959947995,MIA
315972395.58871835,00000000-0000-0000-0000-000000000000,AV,163.04730423748057,2336.493530224365,MIA
315972395.58871835,00000000-0000-0000-0000-000000051069,OTHERS,163.63852012528346,2367.9948751415245,MIA
315972395.58871835,00000000-0000-0000-0000-000000050902,OTHERS,171.4333000682392,2338.6900546882325,MIA
315972395.58871835,00000000-0000-0000-0000-000000050966,OTHERS,157.15663685624463,2354.0442979931986,MIA
315972395.58871835,00000000-0000-0000-0000-000000050989,OTHERS,144.20389164290674,2329.621185382071,MIA
315972395.58871835,00000000-0000-0000-0000-000000050837,OTHERS,162.75633223893792,2347.608263552965,MIA
315972395.58871835,00000000-0000-0000-0000-000000051049,OTHERS,157.01814323226472,2377.358582975298,MIA
315972395.58871835,00000000-0000-0000-0000-000000051088,OTHERS,153.29921464985796,2359.544693869169,MIA
315972395.58871835,00000000-0000-0000-0000-000000051087,OTHERS,184.9553323913334,2339.985981650185,MIA
315972395.58871835,00000000-0000-0000-0000-000000051071,OTHERS,155.99395680940276,2400.3529920476253,MIA
315972395.58871835,00000000-0000-0000-0000-000000050946,OTHERS,153.8828706502313,2350.7820720169448,MIA
315972395.58871835,00000000-0000-0000-0000-000000051060,OTHERS,157.64542645190218,2366.0593621801872,MIA
315972395.58871835,00000000-0000-0000-0000-000000048346,AGENT,149.27941270978158,2333.821749723135,MIA
315972395.58871835,00000000-0000-0000-0000-000000051075,OTHERS,201.83117842736576,2340.898986213584,MIA
315972395.58871835,00000000-0000-0000-0000-000000051064,OTHERS,157.75143763504786,2226.809522293043,MIA
315972395.58871835,00000000-0000-0000-0000-000000051029,OTHERS,157.18649338828106,2361.980561898515,MIA
315972395.58871835,00000000-0000-0000-0000-000000051007,OTHERS,151.34053143680825,2329.9216863318798,MIA
